8292
7396
1581
4579
7610	11913	2303
13
3584
9304
6616
4579
2479
5349
7000
2854
1400
11075
6488
5583
4910
12656
315	12214
4366	10177	10468	626	11888
1747
9989
2353
11802
3525
9989
4579
305
2437
7672
3599
509	10026
1485
7396
3410	3917	1353	4116	1678
4579
4368
1747	1060
10575
12801
10026
6616
13061
9141
4366	10468	10177
140	1581
-1
7126
3654
4579
5062
4579
212
11830	7420	11237	11913	2303	7610	7770	914	4366	10177	11344	7693
12473
10026
2650	12914
5457
8712
4368
9039
2479
4579
2235
11403
9284	13061
11403
7330	351	7798	260	3116	12128	8885	7289	9483
13287	11403
4366	10177	10468	626	11888
98	3507
3414
6463
9039
4052
11403
13287
1157
3485
1051
13785
3414
8577	1525
3123
11476
4579
13723
1060
10791
4579
3140
7627	11685	12629
-1
4065
10051
1941
9899
12556
1353
4910
4936
2081	1177	13651	3338
9899	3621
13631
9899	11484	5623	11443	11932	7723	9436	8268	7974	4577	4366	10177	10468
3621	4366	7693	2303	7553
13416
12556
775
4579
3546
12801
1678	6616
7636
1581
13631
1344
12556
13287
6872	2437
13081
3066
3293
2479
4579
11403
3090
3600
4910
4910
11628
1788	2689
4579
7788
4579
11344	5902	7693	6005
222
11886	10073
3294
12995	1690	11306	10437	7301	3890	11398
12556
11913	10088	7610	4366	7693	2303
2437
9989
7905
7420	9876	5814
10026	509	12415
7974	154	7531	8922
-1
3294
2617	1356
3410	3917	1353	13286
1323
9170	351	7798	260	3116	12128	2126	4298
2353
3525
7693	2303	7420	2437	3036
6384
140
11802	11991
4366	10177	10468	626	11888
2353
3140
7523
13803	13651	13697
1485	3654
13061	7312
13287
98
2616
5072
9249
2479
11991	11802
6384
11991	10054	11802	7361
13631
12556	1678	1678
4579
12801
4141
4531
6297	2479	9690
3485
8565	8875	8539	12464
-1
809	7723
4579
13287
13287
4065
11991
2479
7636
2479
13631
11075	6406	13631	8413
5072	8922
10946
7770	914	7610	10088	11913	11237
3600
9981
3209
2887
9141
140
12469	912	6872	3036	2437	9383	7693	11830
13287
2991	7396
9224
2126
3410
7330	351	7126	7798	260	3116	12128	8885	7289	9483
11344	5902	11304	11237
7070
7890
945
966	2479	9690	2898	1079
3621
7735
3654
1790
8907
7050
1060	1747
2479
13041
11403
9871	12	5263	2558	1779	7735	8712	7060	6384	7050	8521	8270	9563	4359	13201	3022	5864	4497	1516	10047	10044	8809	6320	8198	6488	1356	6954	3546	10266	2080	7551	8156
8827	2539	1817	314	351	12151	8154	13032	3881	11732	9039	8280
1485
13631
11403
6478
6221
9483	7330	351	7798	260	12128	8885	7289
12299	4427
6640	10218	1398
13041	5485
11802
9989
-1
366	2391
1678
9304
9989
4065
6221
9254	10196	4579	4579
13499	9397
1435	1435
-1
7506
7610	11913	2303	7770
3414
9989
12469
9563
4739	3016	12728
3546
2479
7000
1019
10355
11403
2085
12556
8470
10026	509
12214
4065
11403	4910
13913
8154
12581
1485
7672
7506
11802	10054
8470
3294
2353
1892	2132	12556	1423	4579	3915
1435
11075
1678
7070
3294
8884
7523
9249
8413
10774
4531
1788
9989
6616
11802	9899	11484	5623
2353
3654
2479
450	450
5457
1581
1060	270
4579
3294
3546
897
9576
4052
12132
3598
1779
753	1093	4642	6628	4633
1678
9989
3293
3600
1747
1457
7636
3198
1423
4298
4579
4579
6616	1678
3414
4492	8493
4579
3330
5623	11932	11484	11443	9899	2303	7420	7610	11913	914	4366	10177	10468
9141
5817
-1
4579
4910
12129
106	12597	1961	2479	9690	7126	2898	1079	6106	912	12469	7936	147	11802	10054
2218
7725
912
12596
1779	9563
8851
7070
912
2080
4365
9576	9132	3410	11237	5902
5973
13785
7636
8326
4579
9039
1433
4014	4031
7610	11913
11403
626	11888	9249	140	8154	2539
9141
6384
9383
9538
11476	1400
11766
4298	9170
4102
2760
7636
1400
3414
3410	3917	1353
7070
4579
5420
4365
5457
1093	2479	9690	2898	1079	8907	8154
13287
4910
8577
2479
1516	4579
4910
4579
10051
1435
12590
11403
12214	188
9304
12612
7506
10231
4579
11403
4605	11958	4774	10849	856	9866	13104	3504	4843	6065	8826
12612	4102
11403
11075	13631
5143
4843	7060	6463	10073	6406
9989
11403
1553
4928	13287	20
12260	7723	849	626	7974	5982	11888
13287
2353
4579
10607
1051	4010	13197	6969	212
10035
13081
7050
3414
13631
12801
3117
13287
13287
7000
8429
2479
11403
4579
2353
13631
897
3414
10217
3584	11886	3584	11886	11886	3584
1485	3654
229	1790	6899	11661	11006	8270	3616	10738	6981
4579
270	9365	9509	6560	8591	8638	1581	6378	4427	1936	8516	9249	1747	140	10500	13820	1060	6377
12423	4128
-1
4579
3414
2479
8470	1485	11159	9973
351	8107	3311	314	1817
1093
5738
12525
5500	879
-1
5500
4366	7693
1866
897
2479
6463
12801
5817
2353
7500
12132
11661
9224
4579
9397
4368
2760
7974	13061
3600
1742
1678
3330	3286
3036	2303	6005	7420	2437	1400
626	5623
3485
8851
12214
7610	11913	10088	7770	914	6872	4589
2437	3036
4298
12556	5817
12356
6463
7000
11802
3594
7672
12801
3132
6255	9249	11535	7844
1423
9397
4739	9930	1400	13798
8577
6616
11403
1678	6616
10782
5500
12612
7706
7672
1581
1961
3965
13287	11403
10026	509
6438
4579
3414
4531
2479
1435
13937	10354
351	8107	314	3311	1817
1187
2760
13287
11403
4579
12132
4531
11088	3846
7636
1936	1603
1353	11073	11732	8633	2660
12556
912	10442
10097
9708	11157
3598
13287
7725
1485
3410	3917
12640
2479
140
4579
140
4031	1452	4031	4031
2113
10444	5063	5988
9249	4936	140	6557	1314	1850	5324
9899
4579
3414
7636
2278	1485	8623	5170	3654	1129
3314
6185	7000
12556
1747
13287
1995	1684
13631
10929	9899	11484	5623
7723	7974	9436	12597	154	8268	1317
3414
1423
4579
5623	9899	11484	11443	11932
7719	482	342	6368
3036	2303
4739
10500
9563
7361	6820
2616
4102
11075
3294
5777	3165
11159	2431
509	10026	12415	1866	7260	2693	4049
1435
1485
12556
266
10774
3140
3066
2617	1356
7245	9483
212
12801
4366	10177	509	10026	7693	10468	10437
9224
8367
9249	10437	11398	5162
7672
9989
13287
5623
13287
3546
4579
10716
7361
7047	852
11403
4579
3600
13032	7490
9249
5457
12556
2736
79
7000
1603
4784	13033	12447	11931	48	5435	4205	10290	9461	7749	11756	356	6732	788	4175	1610	1823	7470	8394	1435	6104	3134	9322	8514	1658	13438	2526	11906	9914	9130	1019	9771	11208	12087	5205	7248	3255	12220	7706	7202	7366	595	1936	2419	7562	5777	1344	5700	10481	3370	3173	3625	6486	7750	8626	298	2777	5362	3546	802	1711	12299	5503	862	2161	9523	3066	1471	5933	553	13171	12986	6632	11199	12503	12231	4065	13129	2818	1413	12895	3314	7776	7429	4242	3045	9294	2704	6944	6210	5139	1010	3452	9259	1603	7066	7551	9852	8849	5468	2847	4544	13631	2753	11666	12540	10617	180	13058	3773	2045	805	8454	1924	9716	10865	7768	3535	5112	6514	5282	9765
2494	12950	11157	3205	1866	6863
3525
13172
11403
2479
5623	11443
7064
12950
1547
7905
7193
3600
11344	5902
5457
8474	7390	1936	1581	10433	2659	3599	2479
3887
8493	8601	809	11886	2695	3584	2495
897
4579
4366	7693
3414
13798	4739
1521
2736
852
6829	12597	154	8907	607	3714	4577
509	10026	11237
3654
4579
7610	11913	2303	11237	4366	10177
3409
6177
3132
5429
7693	11830	11237	11913	8591	1906	2799	2303	7610	4366	10177	914	11344	7770	7420
1790	1547	13564	608	13890	12640	6161
4102
4579
4455
12560
11403
4531
1726
2437	6872	4366	7693	3036	10026	509
2006
6221
7361
2081
3036	2437	6872	2303	11237	4366	10177	7610	11913
608
4579
12556
13287	4531
1060
5777	3370
11830	10088	11913	5902	7420	7553	7610	6005	7770	2303	11344	914	7693	11237
4579
9989
5500
6616
3409
13041
9141
12560
3546	87	12608
2479
1485
10026
2487
7636
4065
9249	140	4141	1581
351	7798	260	12128
7523
4579
3165
12132
12801
3410	2437	3036	7420	1353	3917	13032	10929	5623
7070
3414
3525
3414
5500
9989
11403
869
4579
3965
5457	626
897
4298
4102
4579
11958
13041
8154	351	8107	3311	314	1817
8951
2479
9304
11088	3057
4102
4332	11363	1060
8470
10035	8493
12801
5500
7610	2303	7420	8379	626	4366	10177	10468
12656
98	4399
11159
5459	13172	10607	1175
3410
2081
3187	8712	7634
7523
5429	4538
4065
5868
3330
3980	6626
3058	13499	3507	13785	13499
649	6492
4366
-1
3132
3414
6626
13036
1827
11403	13287	4531	2712
11403	13287
8236	11966
1747	1060
5583
3314	4589
3654
6384
-1
7050	11149
2353
6245	3338
11403
13785
3842
11403
652
2479
13785
11802
296
351	7126	10336	2479	9690
4910
5162	140	11398	10437	140
3410	3917
6384
8851
12556
8292
3414
10575
5500
12132
3654
5623	9899	11484
11403
4531
5500
4065
9989
4365	11484
5864	1603
6161
12656
4579
7693
12801
4579
7193	5500
13631
3410	1353	3917
9896	13938
5659
6116
3584
12556
9383
9538
8875	12464	9161	3599
10047
829
7070
4366	10177
1690	3587	1638	3862	10564	11690	3864	4718	9455	9741	13800	4610
897
6116
8324
9899
3410	3917
351
1547
9576
6384
3066	9989
4065
8809
12556
7330	351	7798	260	12128	8885	7289	9483
12556
4579
3198
351
1516
4052
2526
3410	3917
13631
315	912
13287
7610	11913	2303	11237	4366	10177
6329
2050	165	4901
4579
4579
7723	7974	9436	8268	1317	154	12597
11403	652
4676	3992	3293	7263
12136
5263	10318	8521
6733
7253
13287	11403	4531
4068	1841	4068	4910
13820
2479
2479
2626	8697	6269	950	5789
11802
11661
12581
1435
4579
7672
11403
6616
12801
8324
8470
10500
8851
3600
2479
7289	9483	147	6106
9899	11484	5623	11443	11932
1581	9249
5457
12400
11403
3846
12801
9981
7971	5457
9397
11199
1678
3584
1936
12556
9899
4102
7636
7070
140	9249
3566
9896	9124
4579
7506
3507	10355	6656	4595
6673
13094
7523
12556
6660
4531
3165
2479
-1
12132
10433
6863	2677	226	933	6320	2659	6733
12132
2526	9773
1726
7693	11830
13890
7289	9483	147	6106
7774	6056
9483	7330	351	7798	260	12128	8885	7289
567
1435
3414
3485	12656	6463	809
9249	1581
13259	6174
5457
13287
3485
3036
8470
11403
11403
1344
7000
13287
212
13416	2526
12132
8922	5072	11886	6463	809	10575
897
11398
9708	12353
2729
11913	7693	10177
13287
12556
9224
4276
4843	9039
4141
11484	9899
1485
13287
12844	9817
1678
11403
11237	7610
3132
6616
9249
6406
7506
7672
4368
5500
7634
10437
1485
4298
7050
3600	1342	3952	7775
12260	7788	98
7064
1779
9254	10196	4579	1356
7636
13287
11075
10607
5420
12231
897
509	10026	11237	5902
7000
7269
11117	12356
13259	351
13798
351	8885
4579
2045
13287
4579
13287	11403
4368
13041
6221
12534	860	12511	692	2675	12534
4289
13287
5457
10607
1779	9563	7706
9981
2479
6457
12656
7361	7189
7636
5500
2154	9398
7693
2662	68
13723
3414
4531
809	11886
577	4788
9224
12556
8577
1457
-1
2934
1547
945
11690	536	12511
3410	3917	1353
12801
3525	11117
87
1827
12556
7723	7974	9436	8268	1317
6177
3294
12819
1859	7189	9540	270	8004	782	2528	3598
5048	6438	1603	3016	5864	1581	12400	2353
11075
12132
180
6863	1356
11661
10714	1521	10044	12584	7975	2650	3123
9383
11913	2303	4366	7693	351
140	9249
7000
4579
3293
6872
4052
8534
11913	7610	6005	9899	11484
13287
2050	165	4901
10774
11661
10437	9249	1581	140	9249
4579
6329
6406
3314
4579
106
7725
4579
4531
2437	3036	6872	12469	912
11403
7610
12581
11991
912
897
3654
1678	6616
13041
3414	1866
8416	7531
11403	4910
13723
3654
1553
509	10026
13041
5457
1485
13041
10315	2675
4365	11484	9576
3714	12260	4399	10575
11661
7723	7974	9436	8268	1317
3600
4579
11403
7420	5902	7693	11830	7610	7770	914	11913	10088	11237	11344	6005	2303
12556
8577
4579
7636
7070
1356
4366	7693	10177	10468	11830
5738
13259	11690
1726
11958
13
8884	12794
3414
5143
13129	1678	6616
8521
8907
12556
2353
12814
10026
11075
626	509	12597	154
2177
7636
2235
11403	13723
6616
7905
5349
13287
7905
10437
12556
7000
4579
3036	2437	2303	9899	11484	5623	11443	11932
11476
4579
6872
2659
5623	9899	11484
7636
6106
4365	11484	5623	3654
4298
8270	9398	12946	11628	5843	13236	1790	3616
8522
4094
2479
11598
4102
4366	7693	11913	509
4579
1485
897	2006
11403
1176
8470	5257
7610	2303
11403
13631
7420	9576	8379	7553	5795	4366	10177	7693	7610	11830	9899	11484	5623	11443	11932	5312	2303	11913	7770	914	11237	5902	11344	9945
11802
4366	7693	11830	10026
10958	4704	10273	12517	11403	12356
1356
9899	5623
3132
869
4298
-1
12556
1678
11403	13287	4531
897
2081
13287
5724	897	4579	9254	6141	10196	2729	7361	4579	5937	5618
9896	13938	8577
7050
12469	6005	2303	7420	1485	3036	11913	7610	9899
11476
3414
9141
4579
3414
13820
12525
-1
1498
1435
2818	1162	12794
11117	3525
3842
2479
13081
10020
4769	3858	3855	12939	5061	1415	444	2861	4276	444	5324	4064	8697	11958	5587	53	4276	53	3007	950	5324	13799
450
3714	13434	9381	1231
1435
3132
1747	10500
2616
6185
11403
13723
7672
4492	8601	577	12503
11075
12819
6626
12656
2479
4579
4065
3414
13287
1485
9224
13041
1485	3654
11661
2479
897
5623	11443	11932	2437	3036	2303	11237	4366	10468	9899	11484
7000
6954
13041
5583
10035
12132
11075
7610	7770	626
1356
1060	1747	270	5500	2494	76
-1
140
13287
12556
1485
8390
12556
12656
702	283
8851
98	7788	4319	908	1057	9284	12	12260
12556
3414
9249	1435
9989
7723	8268	2242	1317	106	12597	1961	7610
11344	5902	11304
3036	2437
12214	3409	5500
140
2736	7260	4444
4579
4579
4102
1553
3410
652
1747
1747	1060
12556
10026	509	12415	5759	13651
4595
8577
7126
2479
966
6298
6329
1485
9249
12503
12556
1356	7782	5687	6770	4823
1485
9899	11484	5623
9989
8809
2479
11830	10088	11913	5902	7420	4366	10177	10468	7610	7770	914	11237	6005	2303	11344	7693
12801
912
7791
7193	11447
3525
6300
-1
13913
1060	1747	12136
3600
8583
5457	5034
4004
12129
8429
12556
7610	11237	2303	9899
12612
212
7672
7798	3116	12128	260
897
9224
1485	2303
12801
-1
9483	7330	351	7798	260	12128	8885	7289
4365	9576	1485
5349
1678
1485
2617	1356
13723
4579
2437
266
848
3654
9876	5814	1678	76	11317
11443	9899	11484	5623
12132
1485
1060	1747
9899
7691
5500
1093	2479
4579
2526
13287
4298
3409
12132
2479
3414
12132
6616	5457	4364	1678
2479
1678
12950
12132
12895
1936
897
7193
11991
1547
7506
6329
3090
13287
4788	8601	577
9989
8809
1678
3410	3917	1353
7064
1485
9170	8107	351	7798	260	3116	12128	2126	4298
1060	1747
10178
1936
12783
9876	5814
13651	3592	10046	3129	13034
13041
13785
9383	2437	6872	4366	10177
9249
13820
12356
106
5457	2055	13081
2353
1342	7775	9989
4928	5554	4605
351	7798	260	12128
12625	13697
7523
897
3843	11876
7735
9283
652
2854
9989
8929	6488	1400	2934
1779
3316	9882	9595	8748	20	3055	3273	1604	4531
5062
1936
8379	2303	7490
12356
9304
7636
3132
10046	10044
9899	11484	11443	5623
2760
12801
140
4587	9708	2112	12353	2547	5034	9709	11788
7330	351	7798	260	3116	12128	8885	9483	7289
2479
852
11403
12132
3752	1547
1516
12175	3090
7636
1747
2437	3036	7610	11913	7693	4366	9899	351
6406	9397
12503
2479
2520
-1
11802
2177
13820
13287
2303	5902	7420	10088	11913	4366	10177	10468	7553	7610	7770	11344	7693	11237	11830	6005	914
10575	8922
7610	9899	11484	5623	11443	11932	4366	2303
9224
13041
12656
222
4366
12556
7000
9224
1547
4673
9981
6298	7672
3132
9254	10196	4579	4579
9899	11484	5623	11443	11932
13287
3036	6872	2437	4366	9899
897
7775	3714	7723	7974	9436	8268	1317	12597	154	4577
4910
3414
2736
12136
3294
7636
11403
3594	897	10231	13785	2854	1747	8198	2006	5682	10458	9973	9039	1747	3654	1670	7523	297	483	1581	1997	266	8955	5243	1632	11355	8589	11979	10458	8573	4094	6660	10408	1841	3579	1257	3975	12801	1747	9039	4068	2300	5913	8452	4034	5255	1971	10136	13061	11117	7621	9973	3566	3654
6872	2437	3036	6872	2437	3036
7672
8577
897
9874	9594
1790	8270
2479
8907	1093
7202
3132
9249
10406
3293
12132
7610	914	7770	2303	7490
6954
912
11436	8683	3784
11913
509
12556
5238
4579
13287
897
6221
5457
945
5459	1175
1521
4579
2425
12136
2437	3036
9249	1581
7000
6298	7672
12560
13631
7723	7974	9436	8268	1317	7531
3293
8512	6463	9930
11661
2734
11484
6384
11403
6560
670
11403
13785
11802
6776
4579
9509
13785
9304
2479
11344	5902	11304	11237	9945	6005	7553
3584
4579
4298
11398
4910
266
1452	1485	7768	4936	12012	3654	1684	1400	4065
3293
3846
-1
13287
13938	9896
11403
2479
12596
2006
4298
3600
3410
1093	2479	9690
13631
1485
12801
1452
12556
2006
12214	5500
5659
6298
9989
10607	1175	6952	13172	5459	12136
2112
3654
5062
12640
3600
7396	693
11690	1900	8101	10716	6795	7397	3587	10175	7047	3089	9852	852
12469	912
1060	1747
7553	11913	10088	7770	914	4366	10177	7693	2303	11830	9899	11484	5623	11443	11932	7610	11237	5902	11344	9945	7420	9576	8379
3409	1547
6463
11088
12636
1790
12560
12801
13287
1485
1485	3654
13785
13631
10315
6221	6733
966	2479	9690
11403	13287
4579
4579
7000
5500	12136
7636
1093	8907	2479	9690
1093	3452
12469	4544	1581	11476	2526	1924	8326	12400	12950	7765	8210	5048	1658	912	2681	4004
2539
11802	5982	626
8521
4910
13287
11886	3584
2558
3036	912	12469
1485	3654
13032	11732	9576	10929
3584	11886
3330
2112	10442
8367	4497
3036	2437	6872
5062
3132
11802	626
2479
4579
509	10026
1435
1747	1060
912
10026	509
1747
6687
3917	3410	1353	7490
12400
3546	4315	1749
9896	13938
5973
13061
9170	351	7798	260	3116	12128	2126	4298
3140
12231	7776
2479
13032	11732
10177	11932	4366	10468	7610	2303	7420	11913	914	11443	11484	5623	9899
12656
652	4056
3036	9383	6872	2303	6005	7420	2437
9989
4366	10177	10468
692
2479
509	10026	12415	11237	5902
1678
2437	11344	5902	2303	7610	4366	10177	10468	7693
-1
87
9899	11484
6298
3599	331	7975
9756	222	11149	9795	7618	4531	13287
4739
9039
7050
76
11403
3600
1827
7693	4366
3330
4366	2437
4731	4595	9957	8516	7735	1726
7396
8851
3414
1678
3117
11991	8601
8292	5498	5062	458	4460	3616	8270
12656
3414
-1
3414	1866
6414	4037	7066	8719	6116	1024	7066	1868	10478	7443	4538	9585	2991	9964	12525
13287
7666
2704
3410
3036	6872
7905
1041	668	1172	6128	2371	4691	8004	8190	13744
11073
1779	9563
4531
4579
7636
3410	3917	1353	6829	3746
87
1093
351	314	8107	3311	1817
7050
1435
2558	9469	5453	5351
1866	10318	9984
4366	2437	10177
6300
4102	8152
7691
1779
4579
9674	2218	8156
7672
13820
1603
8470
12260	2479	8907	8154	966
12556
6616
11484	5623	11443	11932	4366	10177	10468	7693	11830	7610	11913	10088	7770	914	2303	7420	9899
7788	98
3410	3917	1353
3132
7330	351	7798	260	3116	12128	8885	7289	9483
296
8594	6293
12590
1779
11403
2479
8809
1423	6853
-1
3294
2558
4298
9170	351	7798	260	3116	12128	2126	4298
1678
4579
11403
5500	12136
1678	7189
4094
11403	13754	4910	2239
4366
297
13287
3414
9576
2353
6616
1678
9896	13938	9124
8539
1485
652
13287	1485
4102
7070
13785
10026
912
12473
11403
2650
11443	11932	2437	3036	2303	4366	10468	9899	11484	5623
4579
8367	7551	11958	4774	10849
4579
2437
11403
13287	11403
1747	1060
4141
13287
7330	351	2234	7245
12801
6863	1356
4364
4579
3123
13287
1747
1202
7791	62	9991
13287
3644	8437	6365	5470	1157	1212	10716	10906
1342	3600
8667
2818	11199
1435
3616	2321	8270	5062	458	4460	11628	5843
1400
3294
7775	4065
4910
1516
3132
626
4365	11484	5623
9989
6418
9249	1581
897
5623
9249	140
4128	12423
13287
8577
8367
4531
6457	7975
6378
9930	13798	1400
12356
1516
4030
829	1202
12801
-1
1060	1747
222
9249
11991	13032	9576	6872	4365
2616
9896	9124	13938	8577
11403
270
12596	3294
3165
11199
809	11886	3584
1779
11403
7791
7193
2303	7420	3036	11237	4366	7693
-1
1400	5738	5738
1678	9989	1342	3117	3057
140	9249
4579
13197	7551
7189
-1
3414
3132
7070
4298
13937
12473
2760	9981
11628
7330	351	7798	260	3116	12128	8885	7289	9483
11802	7719
4910
8577
1356
1678
12556
1553
270	1060	1747	5500	2494	7719	1107
7833	10437
3036	6005	7420
1678
140	1581
11075	6166
4579
9249
4910
4673
11403
11661
12342	3022	585	1356	6660	6221	8198	11661	6899	3132	6320	1176	2080	12636	7050	12	5263
897
7636
4788	8601
1553
-1
4579
13937	13785	10354	1617
4094	10217
6298	8152	12612	1498	7672	4102	2081
121	670
12251
5062
12596
2616
5062
12132
11991
4910
9170	4052	351	7798	260	3116	12128	2126	4298
2854
12801
1175
4739
9249	1581
1684
5500
13094	9397
2479
4298
912	12469
3654
9899
12801
7330	351	7798	260	3116	12128	8885	7289	9483
1342	1678
3410	1353	3917
11886	8922	6463	809	5072	5906
9899
8326
4031
13287
13287
7064
5500
222
509
1866
11403
13789
13631
1779
13631
-1
8907
3600	10032	5867	140
4579
4531
1486
4365
3485
12400
12299
13041
1866
1342
9170	351	7798	260	3116	12128	2126	4298
2215
3584
3414
2675
13287
6616
7396
9170	351	7798	260	3116	12128	2126	4298
11403
140
268
5623	11443	9899	11484	11932
13631
1747
1342	1678
897
9989	1678	3588	3600
11802
3584
7064
3621
7791
9795	4004
12136	13172	6952
13172	6952	10607	9294	10032	5139
6616
7693
1435
9538
12625	2227
6005	7693	11913	11344	5902	5312	7770	914	7610	11830	7420	10088	11237	2303
5500	879	2821	3510	12581
10178
-1
12132
5500
9981
11237
140
10088	11913	11830	7693
2479
3293
9899
897
3600	5867
5937	1866	4579
6384
3410	3917	1353
11443	9899	11932	11484	5623
1547
2479	2132
140
7636
7064
2479
8809	4579
7050
2303	7610
13287
9141
4141
1353	3917	3410
3066
3600
3992	7314	4676	7771	11091
1485
809	11886	3584	2695
2526
12801
9039	10946
11403
2006
1747	1060
1400
4531
12801
6733
1060	1747
4910
2353
2760
4925	7725
351
7672
897
4579
7070
6733	799	3738	11661	6221	3559	9283	8809	1356	2442	4579	2736
3714	5227
12556
4102
4971	12881	9465
13820
12656
3198
3414
9786	10978	2378	9585	2020	3546	9294
2736	10418
1060	1747
4925	7725
4699
1516
4368
8464
3414
1342	1678	7775	7562
897
2479
11075
8156
7610	11913	914
4506
10791
3599
852
5420
3293
3410	13032	3917
13287	4531
11690
897
13287
1060	1747
2736
-1
10607
7666
9974
6116
2760
8470
2303	7420	7693	11830	7770	7610	914	11237	11344	6005	11913	10088	5902
2526
5034	2112
12556
7263
9228	6378	608	9039	1859
3414
6733
1060	1747
1788
7610	7770
13287
2154	2736	6221
1941
10103
6221
626
8521	13731	8516	9259
2479
731
140
13287
12027
3414
9563
11403
1827
1342	1678
5457	1176
897
12469
11403
12560
13287
270	1747
5946
7269
222
6616
13041
1342	7253	1678	9989
9249	140	1581
13287
-1
1553
7610	7770
5500
2353
4531
6488
3864
12801
12556
12132
7064
1435
9039
5777	7064	4704	3165
10051
6221
12356
2479
2495
7775
4477	2495	2495
1060	12160	1747	3952
7725
7330	351	7798	260	3116	12128	8885	7289	9483
7691	2934	4731	7238	4301
12801
1415
6298
8809
649	307	9594
5623	9899	11484
9170	351	7798	260	3116	12128	2126	4298
11583	11091	11583	11583	11583	11091	11583	11091	2045	805	7202	7202	7195	3992	6406	11088
7050
8539
1060	560
13287	11403
2437	3036
1747	1060	12231
3140
1678
4366	7693	10026	3654
11403
3198
7610	11913
7064
4579
11802	7126
2272
-1
9141
9408
4065
1202
5983
3371
9674	11075	8712
2479
5623	11484	9899
3293
7000
9283
7723	8268	2242	1317	849	9436	9704	11606	7775
9674
4102
7050
3370
1435	7776	3066	3535	4065	3887	10103	6418	12231	1581	8522	13631	2045	12503	5048	1603	3970	3546	298	13171	2487	802
3198
11403
8885
1157
2081
897
9981
11403
4579
7610	7770	7553	2303
1060	1747
12801
1485
13287
1747	1060
1678
775
6406
13287
11991
9249	1581	140
6298
10607
11476
3600
12801
-1
3140
4298
4298
9896	13938
1344	7750
296
9576
809	3584
12656
2171	7791
3123
9283
9538
11476
4910
2479
509	10026
13287
297
11403
3546
4366	10468	10177
1747
7725	4925
4579
4579
1678	6616	7189
13631
-1
1749	79
-1
13785
1060
9304	8367	2616
1747	1060	12356	5500	4739
13287
10047
10456	13754	4812
12560
4579
12525
6298
-1
6981
4910
7725
3410	1353	7490
3621
3410	3917	1353
1747
9899
509	10026
-1
1435
7672
2479	9690	13715
1747	1060	270
5500
4579
1747
3294
13287
3066	12503
351	13032	2234	12299
1157
4579
-1
1342	1678
8443	5324	13450	5324	7969	450	1581	140	9249
3293
2479
2479
9249	1581
9595	3316	9882	8748
2479
1747
12356
8443
7610	11913	2303	11237
7064
5500
13287
-1
12801
3414
5062
897
912	12469	1726
1678
12556
4910
11958	897	11199
13287
1726
11886
13913
6457	3599	7975	331
5062
9224
11661
-1
12584
2437	6872
1342	9989
1211	6565	7790	1162	12938	908	6863	10631	4359	6981	5948	3752	1057	950	7791	98	5324	6769	1878	1433	5927	702	1790	9227	8505	366	9284	5383	10314	8467	5520
10026	509
6298
4579
9249	7070
2006
897
11403
4910
3887
4531
-1
6616
897
5687
2353
9563
9989
509	10026
4843
10026
1788	2689
9170
11403
9141
1547
13287
1866	3132
2526
5457
4455
4065
6486	4544
7610	4366
6733
2305
2479	9690
3294
13287
11403
13287	11403
11802
11802
8246
3504
8470
8516	9747	2025	1605	418	10564
9397
12556
13061	838	12581	10178	13007
3293
9483	7330	351	7798	260	12128	8885	7289
3714
9538
8534
12132
2736
5817
626
4141
1342	1678
2303	7420	9899	11484	5623
6733
4141
8851
140	9249
140
6221	4141	13362	4577	2659	11886	11075
9224
7834
3410	1353	3917
2303
912
12656
1547
9044
6616	1678
2818	11199
9249
852
1779
1747	1060
2479
7610
4673
7050
6007	5851	13800	5205	367	8	4276	3965	8516	3243	10217	2080
2616
7776
4477
3644	692	13204
3410	3917	1353	13286	3746
7506
5457
3535
4579
7788
13032	3881	11732	8633	2660	10929
12801
966
7454	4506
4910
10468	7693	9899	11484	5623	11443	11932	1098	3311	2437	3036	2303	11237	3917	1353	12946	4366
4704
509
5420	13172	7189
6632
12950	12400	180
12763
7693
3414
626	509	10026
3410	1353	3917
2437	6872
8413
1060	1747
5457
10073
13287
11802	5349
11075
3293
7905
4365	11484
5659
7723	7974	9436	8268	1317	3311	12597
8521
1328	13197	1024	2825	5158	4538	4010	3452	6969	8942	1378	1371	12939	4037	12082	6047	11691	1051
13631
12132
1342
12132
4094
8594
2479
13061	1051
4366	10177
1344
5459	12136	1175	6952	13172	10607
3293
2675
7070
140
13041
2736
11403
1678	6616
11411	7012	775	450	4141	2571	36	4309	1850	6557	1314
2479	9690
3853
13061	13200
6487
4579
1790
11403
1356
897
3410	1353	3917
12640
3198
2479
10663	9694	731	13653	9694	3898	1444	6961	797	362	4739	13411	2526	2080	5738	12763	10782	5743	10289	9930	1400	7568	13653	11010	2020	13798	13803	183	6585	13416
6486
13287
2854
6733
6872	3036	9383	4366	7693	12469	912
9465	4971
11403
4068	13007	8539	4821
2487
7610	5312	4366	3714
7610	9899	9132
6860
3525
3294
5817	11403
9483	7330	351	7798	260	12128	8885	7289
4531
87
897
11403
7636
5034
1378
1516
12129
897
4492
7610	11913	2303	7420
7050
897
2520
9249
12656
6238	9708	9709	4587
2818	11199
10774
2479
13
11484	5623	11443	11932	2437	3036	2303	10026	509	9501	4366	9899
3314
6300
4579
1788
12556
809	11886	2695	3584	10575
10564
11863	3952	3861
7693	11830
9170	351	7798	260	3116	12128	2126	4298
9483
212
98	5500
4531
3330
7905
8922	5072	11886	12517
13016
7193	11157
222
12728
140
2526
7126
2479
10564
897
12469
509	10026
7506
6792
3414
1678
9224
5500
11073
1060	1747
1547
4014	4031
9249
9687
3294
3414
10035
4579
5623	9899	11484	11443	11932
-1
6384
6329
13651	3129	829	1060
2006
2268	1545	3846
6616
5457
7693	4366
1747	1060	12231
2479
7672
11958
2479
2704
13032	7610
13798
106
10774
9483	7330	351	7798	260	12128	8885	7289
1790
1485
7070
2437	4366	9383	1485
1485
10564	10315	3846	897
5623	9899	11484
455
6298
7775	3600	9989
1678
912
4579
1435
270
4579
11117
11403
9899	11443	11932	11484	5623
4366	7693
11088
4365
13287
2479
3198
1604
12556
7610	11913	2303	11237	4366	10177
13041
9283
12469
11991	13032	9576	6872
4579	9254	10196	4579	1866
2479
4141
268
-1
13287
2353
1060	1747
5457	1176
7330	351	7798	260	3116	12128	8885	7289	9483
10774
12556
9249
11403	13287	4531
8534
5062
4531
11802	147
12656
13913
12469	912
1667	8907
3654
9483	7330	351	7798	260	12128	8885	7289
10026
2479
9224
1581
10026
-1
1866
266
8470	1498	2081
7047
9383
1060
4912	11476	13754	3807	9687	11403	652	2239	4910	3843	11876
3132
12656
11403
12783
10607
7788	1747
140
2704
-1
912
2479	9690
6384
3410	3917	1353	4807	13286	3746
8198	897	2616	1435
8851
13032	3784	7610
7693	11830
2712	1684
4925	7725
6733
1678
8851
4579
13287	4531
1726
7691
5902	11344
652
3410
8470	5257
6463	7834	3584	8512	12175
7636
2006
4579
13061
8326
12801
-1
1060	1747	12503	9989
9224
11403
12556
5500
2659	6320
9773
6616
9704	11606	106	12597	7723	8268	2242	1961	1317	849	9436
5579
1423
9249
11403
3853
1747
7193
966	8154	2479	9690
2520
809	11886	2695	3584
-1
6829
6221	2736
2675	2660	7824	3881	673	3795	4769	6116	950	5988	7890	4276	12995	9741	3807	1249	3235	2861	8	2602	11666	4700	8975	692	11690	11073	6166	6483	11732	8633	4276	7617	2414	10616	6339	8650	3148	13032	9455	11146	2720	180	5930	4629	7719	7551	10336	8107	12530	367	1457	6136	5122	4298	4823	7864	671	9170	11351	9027	8714
351	4399	12260
1485
2479
9538
3600	5867
5383	5520	5466	9227	7790	9304	4116	6221	11886	2006	3371	10073	3584
4579
7974	7723	849	9436	1317
7000
6616	1678
13820
4128
3140
1678
3807
4579
4579
2006
8922	5072	11886
12556
13287	11403
140
2437	9899	11484	5623	11443	11932	4366
12801
7070
4579
8993
4141	2479	9812
13287
5486
1747	7189	270
4673
4769
4579
9254	10196	4579	1356	4579
9249
7672
2479
13287
2479
4579
13287	4531
3600
9786
1060	1747
4065
13287
5062
9930
13287
13081
2479
10026
3414
13036	1547
3414
13041	9674	10456	2218
4368
3621	2113	5795
652	4056
13081
12556
3599
3926	12608	10432	1732	7396
10500
1936
9930
9708	12353
897
9132	6005	7420	2303
2479
9170	351	7798	260	3116	12128	2126	4298
2303	7420	3036	11237	2437	6872	10177	7693	4366
1093	753	4633	4642	12
9945	7420	9576	8379	7553	4366	10177	7693	7610	11830	9899	11484	5623	11443	11932	2303	11913	10088	7770	914	11237	5902	11344
13631
13061
3846	4595
12596
1553
2650	3066	1521
3621
7553	11913	10088	7770	914	4366	10177	10468	7693	2303	11830	9899	11484	5623	11443	11932	7610	11237	5902	11344	9945	7420	9576	8379
8907
6954
12801
3036	2437
11398	6501	5817	12995
11886	3485
98	4399
1516
11886
4579
4579
11403
5738	13416
13287
3654	1485
212
6733
12400
12132
351	7798	260	12128
897
9899	5623	11484
897
7064
1553
9170
11403
2479
12556	2132	5868
3294
12556
5062
13061	76	12723	12751	1749	11247	79	8253	3204	8326
11403
1485
12801
12356
7666
4365	11484	5623
11991
1581	9249
3965
11802
-1
6384
12469	912	5429	11690	9741	9455	6136
11403	4910
2479	1093	753	966
5700
7775	9989
92	13960
9989
9899	4365
9989
3036
1790
7672
6872	10177
4704
7070
3600
-1
10437	4366	10177	10468	7693	11830	509	10026	12415
7672
12801
567
11403
6457	3599	1115
3654
-1
6377	10500
1485
4910
12560
3414
3294
7361
10026
9989
1342	1678
2081
3784
140	9249	140
9170	351	7798	260	3116	12128	2126	4298
10849	3600
897
1356
9170	351	7798	260	3116	12128	2126	4298
3410	1353	3917
4903
1435
7775
12132
3293
11403
1678	6616
13032	9969	7890	9084	13048
7330	351	7798	260	3116	12128	8885	7289	9483
2437	6872	912	12469	76
1485	3654
3414	3294
9460
509	4366	7749	10026	3507	4369	7874	626	8775
1060	1747
1452	10513
4579
12556
11344	5902	11304	11237
7672
13287
1866
9989
7666
8633	11583	11583	11583	7593	4610	11583	3587	1890	11360	9432	3881	11240	12591	10564	3164	11088	359	7245	2234	4731	11583	8368	2788	11732	6168	2080
3117
7774	6056
3648	5933	5139	9294	6676	997	8264	4387
10784	159	3791	8589	13061
12214
2660	11073	3881	13032	2437	11991
7000
10437	4366	10177	10468	7693	11830	509	10026	12415
4366	9383
7070
3293
2729
9896	13938
7420	7693	11830	11237	5902	11344	7610	7770	2303
4579
12629	1060	1747	5500	3409	7627	879	4627	4922	11685
13041
1452
7765
12356
3621
11913	10088	7610	7770	914
6557	1850	36	785
9254
9989
212
912
1485
2437	3036	6872
11403
8326
12801
4910
3791	12	6733	6221	799	2006	897	9039
3414
4579
13723
10575	809	5072	8922
9304
1678	12581	6616
2437	6872	3036
7774	12231
-1
3036	2437	6872
3485
3148	11690	3016	9486	12995	10315	12063	2006	2025	3587	6640	1890	11240	9741	359	10564	13731	5122	1605	3965	692	2675	7443	4769	2084	897	5535	8516	11583	4276	5122	11583	11088	5517	2084	775	11583	11583	3864	359	2084	6136	5535	5535	11369	6339	11088	5122	11583	8368	9455	1128	6548	10564	9747	13800	3152	6136	10564	4276	775	3846
12801
10849
1060	1747	270	147	3273	1098	11829	12356
12596
2177
6872	10177
3546
912
1093
11476
8470
1779
4579
10774
3716
4531
11886	809	2695	3584	8922	5072
3594
2126	8574	4365
3414
9039	2353	912
8574	3654	1485	4365	2126
12801
509	10026
4298
13789	12801
351	8107	3311	314	1817
1678
12556
1827	13094	1157	3798
4366
6616
897
897
5214
509	10026
4579
912
7330	351	7798	260	3116	12128	8885	7289	9483
8292
12801
4298
13287	2712
7834
1342
5520	4399
4579
5457
2112	10442
897
3853
2479
2218	9674
8712	6954
5500
7636
1435
13287	11403
98	5500
1995
-1
6298
4910
1547
4903
10026	509
-1
3887	13631
140
567
12129
1516
3842
12801
9989
12612
2303	9576	7693	7420	1353
897
2303	6872	3036	2437	9383	12469	912
351	7798	260	3116	12128
3600
2617	1356
351
2479
9170	351	7798	260	3116	12128	2126	4298
13287
3525
9989
13172
2154	8270
13287
8907
607	11427
11690
7330	351	7798	260	12128	8885	9483
12214	3409	5500
1726
4579
8851
11291
4579
509	10026	4366
509	10026	12415
2045
652	4056
3036	2437	6872
12636
3204	8253
13820
3414
13287
3600
7330	351	7798	260	3116	12128	8885	7289	9483
6298
13913
12801
1400	4315	13798
12132
6221
1678
1356
98	5500
2736
3330
351	7798	260
4365
1435
12063	3581	6994
12503
4298
1747	1060
3846
4365	1485
4366	10177	10468
7064
-1
12801
11403
13631
7610	11913	4366	10177	2303	626
2353	270	4364
304
7193
4102
3600
13287
13631
222
-1
4579
1866	9039	5724	8865	12342	799	1516
106	12597	1961
3409
9899
3132
10311	9836
7330	351	7798	260	3116	12128	8885	7289	9483
7070
9170	351	7798	260	3116	12128	2126	4298
10607
-1
3654
11075
12299
12581
11886
7189
13287
106	7531	6829	626	11802	12260	3036	7723	8268	2242	1317	849	9436	9704	11606	1961
4579
4531
3410	3917	1353
509
3187	4733	3228	9460
11476
2321
1356
2479	9690
13172
9899	13032	11484
12556
11886
10575	11886	13651
7725
2526
12556
270
12801
2303	7610	4298	4823
10575
1202
1060	6733
4587	9708	2112	12353	2547	5034	9709	11788
11183
2479
229	2991
1678
5457
12356
10946	10097
9170	351	7798	260	3116	12128	2126	4298
1435
509	10026	4366	10177
12560
3600
3600
12801
1435
98	7788
4579
