11653652
17753849
22524583
23586145
941651
55283
46937046
46936485
6102690
4564
1387
451668
11840970
25229552
46937099
65063
46936447
445936
447362
447341
46936249
4893
447835
9944398
5287459
4060
10975968
5284537
5729339
6435415
65856
4369080
46936252
4171
1150567
10379137
5284596
9926933
4358
445154
2754
11516136
4086
16758226
4369567
5287429
3033538
5287494
46936234
40326
20689
15942652
11167118
10249182
10972974
5073
46936964
35330
5880
60464
46936748
6420119
448580
4293
11574606
4369343
46936900
4912
5326608
2441
44141860
5401
3475
5171
6918523
7156967
8193
449127
6119063
448978
11955614
21307
46936396
447721
2088
6726
1667
447959
689043
1396
46936309
5327130
656989
5280934
46937106
11545694
11963622
165879
5596
60937
16666
24752832
448718
439213
4097
4993
4474
3241
115260
448661
7419
24971312
5287418
10198228
5284555
10125830
3311
446752
5460307
446665
448749
444
24360
46936352
5289086
688424
16113377
5288332
25322948
443936
24794406
9549258
11221386
5494425
5288711
5503
5288527
10531
5289339
46936648
439299
6140
17758920
5311507
3518
24892822
23653508
82148
3343
3446
156126
123982
5327109
26644
3467
2479
10342449
14607364
4184
1190625
2146
10770
3157
15942657
46936940
46936260
2719
1935
46937095
5326667
2727
14620017
4046
439202
4369101
3025
16122638
3676
54369
46936438
5289411
16058650
5289344
447732
2910
11581936
5281071
24794392
1712095
448994
447488
448752
46936354
3180
120231
3506204
1758
46937168
60843
60961
446977
57537
48175
9826528
444007
6419780
46937155
24894151
10836
23646721
92249
23647357
5310966
15130
4506
5358
6914626
7019268
46936612
2343
3033637
46936601
3383616
10477723
888
46937019
1983
3013848
6541399
656913
5702665
3562
4139
44144380
6445226
700
24180721
3369
3406
6274
764
2218
5326911
46936702
5342
11289
24856357
13308
15942677
24851689
17754027
4995
449156
445824
137
3559
10134493
28204
4235
6604901
1567
54687
18794
448022
46936502
46936696
6323250
17754130
447411
107807
2583
2796
25263223
9911502
323
2733
9549223
187
17754156
46936516
56959
5311447
2776332
17753809
46936210
1944
60953
14086997
5493444
7023019
26879
449146
1331
46936711
5289424
180621
25138280
16750073
242332
3114
5287621
4456150
444607
65098
4539
447030
4649
445958
1082702
1662
46936861
2099
25243828
831616
17753820
11987878
4873
9549180
3397
448285
5745
446134
25113157
23657800
446336
46937054
5288002
9991833
5687
656953
5287728
5282415
2608
5281104
4940
46937089
445993
17754112
2763754
10250490
46936318
5734
3011155
448011
5494443
4369380
11373270
5287870
60594
7054
13922647
47319
4595
46936901
46936851
5327123
5288320
5494414
984
11953931
23700
3372
46937056
4189
46937133
6857690
5770
4369491
172469
54929
40539
6852147
11560856
848641
46936755
5326870
5284570
46936776
87031
447911
62886
51081
3647
2281
42628060
445995
446241
25138278
445480
24963033
6883
10150441
5327150
25271577
3339
446916
4369
1698
46876838
447956
25021183
6453837
194777
4634038
5578
46936665
5748251
46937071
25113125
6857691
2354
60753
8058
4112111
447655
9887303
447027
60606
60700
5289288
156422
447022
5494385
44151801
46936299
46936573
46937081
657095
46936520
46937090
23647652
24882195
44144379
65241
46937120
193613
448055
5965
3062316
5289321
4973
5284592
65389
24864078
7245
5496599
440552
5206
4849
445443
449120
77999
124969
11483970
4436
11493598
657140
14309
110634
11592154
10180201
159866
51634
25134249
11553058
8333
21066087
100684
6420120
17749728
2893
15209
5288371
24752837
5282181
2801
5405
11610553
6420159
9956726
681
54841
167842
7020128
12530
110635
5288616
3292
46936387
17754173
46937042
44224261
46936846
5289354
667490
46936899
448400
5326826
9543487
5756
46936997
24875301
128564
9834298
10039403
46936763
8280
446195
1282
39468
46936777
10339710
10089048
447736
193512
16058629
441314
4116
867
21081761
5353308
17758361
44629554
11290116
445849
445062
11348631
5353439
4058
46936885
3052776
5282054
241903
14205264
5326926
9862248
854026
10668
108156
446275
16115747
5288017
9969613
46936243
2366
5961
6322
2911
5828196
2352168
6914568
305
447466
46936513
5327155
522325
5326514
656932
6178111
5314
3784
4630909
122623
118458
216457
67678
3386
11779786
46936932
72194
208908
46936302
446505
9700
22692237
46936401
892
3779
5724
445892
446662
8758
46936331
447066
222865
24963048
46936176
130804
263366
5816
23647358
46936371
1125
24178109
11428356
448062
6126
9547945
1548972
447653
11840927
123631
529
5287789
5287989
5311066
6468
40489058
42890
46936228
24905143
439825
46936741
46936957
439153
518740
6914612
5288795
5494439
4347
3775
98487
46936889
46936735
23653503
60921
6741
77992
36462
284
903
6443959
46936946
398148
5504
9865587
46936726
8955
622262
444348
2351
2119
446981
23647657
9429
5282761
4369442
24801862
123871
115237
11005
69020
21066096
65015
25011728
25220914
23653533
3870203
7028
24883477
5281701
4708
5289415
5584
46937142
10138993
21145368
5438
119607
974
54746
4566
236666
5312830
46936808
11711595
60817
5288850
5330197
53232
891831
4456
5152
5564
16058617
16040257
123895
969472
46936871
6852201
46936772
25134251
134497
33741
31260
5327067
46936552
656949
46937076
6013
25011732
24836810
6918852
5288538
2179
46936539
44129631
5287850
4565
12717
46936816
3226
29327
165323
6102821
440473
6323374
216326
5362124
5282411
42608447
6443013
60149
447340
91610
501640
5381
10517
16129580
6101632
19
3637
16105493
3332
46936681
6305
439685
72281
34040
46936464
25203945
23400214
439356
23724530
46936314
445843
8420
6058
3825
4369594
3117
9434
15942673
46936789
46936484
62452
6003770
448955
46936981
1349907
46937085
5326888
1514
46936324
4906
6857711
5284627
9547923
5460203
5284569
5288685
46937163
9547958
24180720
12106168
53708
6102812
11659487
15083623
20299
11957380
447733
6006216
16726072
5287785
21233
493570
5288266
439693
24971313
3519
11538992
5327131
65999
446744
5488548
9547909
97297
46936411
656965
448660
8550
11691442
2161
9934347
447622
446127
4195
5950
124823
46936655
5287556
3494
13505
5719
11892832
3510
23586165
15
24812720
16741237
5327045
3016
46936382
5288712
24778299
3487
11963557
24892821
11505541
5284604
25093369
84704
9600423
6077
2145
11840981
11270500
447962
4507
1792
6137
92745
46936826
44176356
57363
5353305
772
122335
1759
446239
6267
38945
17756743
11742
337359
445940
448002
444224
4369551
10320144
115355
5484727
115147
23648296
9782
446276
3038497
6834
24798097
34698
69672
25113128
46936936
2734054
17753852
41867
2265
46936569
4369568
125132
11500273
9547959
3162
5326979
4369433
20843156
21501
123648
447278
5327057
1755
3777159
11790
5287565
151483
1854
24808489
447731
6324649
745994
23270857
11701820
1032
13830686
25138203
1549098
5413034
5487
342
4943
104865
31640
46936809
6420118
5326871
3108
656911
2284
41744
10869340
1122713
5324346
688267
444238
25113126
10132
10062714
83242
446845
11767258
11507920
2153
444746
6950578
4030
5281614
4747
2386
447994
4471892
444972
445463
657087
3354
8179
2014
4911
23728517
736234
2477
46937116
6102691
5288582
46936194
449593
4369141
4359
46937060
46936562
46936425
46937098
5289517
5289284
444036
3476
148140
6914564
5005498
19826721
10904076
6256
445575
46936791
192197
5288641
4828
46936931
17754049
8064
5361323
15906
33746
5287845
9846239
15391
447958
25113614
4357
453549
46937055
6306
16040281
12374050
2764
46936627
46936786
25163987
23653514
46936835
46936398
176870
6540273
23654841
1400
30668
5360373
44602427
447725
46936909
1676
5282381
2761494
5327152
5245
6102781
11987860
4735
445501
6253
3121
60815
6918537
46936476
16040268
688097
9547915
4499
5288113
44129620
21439
14985
5702760
5790
25134253
160556
24798742
448171
46936223
7558
6420006
123831
5288259
445953
168131
14584
46936393
12389
5568
6102595
387447
5289294
9896036
5702551
5951796
60198
46936874
3520
447652
5576
14899645
1540
23653530
4771
446805
43008
232446
4935
46937129
46936693
1933
5035
790
5164
441341
10095865
23655000
448167
6857688
36811
448999
31703
5287586
46936714
1053
441290
3033825
46936859
4494
31307
9547890
9543486
28864
444695
60852
23727982
10156987
444569
5287844
5709
688357
5665
4659569
46936701
5482
2141
9543517
4369390
656583
4369502
439501
448662
967
17754131
54766
443388
2157
5287610
16122643
5388929
979
256737
11705956
9444
18432427
23653500
146719
444766
46936663
46937079
43815
4470790
1707
3103
5287620
5910
11502647
3878
5281042
447249
5291
757
408285
3161908
81831
4636204
26934
445957
3396559
10376202
448677
46937170
5362119
3396
9574101
446753
2818
52195
4768
5361
448008
4057
16129582
24836811
5288598
448942
444765
16750040
447476
15991546
445856
46937028
5287969
445713
46936806
4199
17753965
4369443
447400
5331010
24856363
11138
46936659
6328756
5288596
2797541
37542
44387838
31072
4288
5288720
6951123
5960
124992
18502861
4369325
5326727
4972
46936836
3269221
46937043
16122594
1948
5311027
425841
1609
446202
46936979
3284
10042950
25023710
27934
2280
24832019
2723698
439236
4991
46937119
462919
46936468
4543
46937137
6602106
5287571
4369593
6918456
24748050
3385
16362
2079916
4075
5288082
9797857
11861988
46936546
656986
46936597
448024
449013
3037580
11840934
3488
447450
5288238
2513
5878
1547484
5078
125017
39042
10157080
312145
5288018
11957417
25174099
6857692
51263
5326876
16741227
16682734
10062718
2783
25181315
647
4753
9257
4870
4368
3902
46937080
6323220
11987804
447695
28486
5983
23724781
5995
11992146
4369414
47811
447256
5289289
46936378
60919
9817381
11840941
5748376
11332763
3308
5311067
3002977
10607
46936666
46936510
657096
4369451
23897
446504
9547935
5287415
3380
46936650
6610318
3152
15953860
24180717
37632
6000
3366
11531308
21158810
10172943
6323362
44629555
38521
119828
4470566
10547
896
5593
11651760
5289507
3672
4934
2165
11149906
3440
445967
10708341
22556917
447196
6603901
11995761
11188898
5326868
25134250
5280961
446240
46936793
1102
24768527
13017
23644280
1478
2541
92253
111509
11579
13769
46936216
447492
5280360
229455
44631903
6291
3345
1720
5326966
4763
2206
46936456
20541332
46936829
208902
115100
5327012
4369393
5826
15689
44129642
446308
3291
10180
57030
68873
243
3373
3652
15606
46936467
5248
46936727
9968957
5289214
9819610
9882972
753
11963552
16231
11441375
46936394
6089
46936690
6102820
5327122
447873
6102530
4919
25113181
11235729
82315
46936553
4192
444849
654376
6323178
10397869
11524144
5403336
46936347
2059510
2084
2170
46936344
448457
13195
47641
1990
7699
12308870
5192
446978
31101
9433
4927
5288147
46936327
149790
5289336
3677
1521
11464526
23647361
446411
447371
46937033
7970
447872
5289419
5572
446399
146570
46936746
3333
11979006
25174101
24905144
3032732
44129623
9844011
25011733
6992084
4158
4369082
68740
5326887
71364
644241
17754181
3278
444412
45270264
24941263
2782689
23647763
16040323
54477
453552
5288103
23725064
8226
656909
16058639
5494411
11840966
9305
11840955
611002
3948
5287834
108143
66898
5287990
938
5288679
34869
440005
10062713
444599
24861080
126941
2162
448288
46936725
44422489
9543513
2370
11655511
5288066
46936855
53001
324690
6713579
2554
17754068
314123
11963944
46936574
5740
8747
77993
5723
24864082
158397
441350
6852168
114683
4478249
6102684
1055
2138
5289320
46937103
4369429
446238
5289469
46936633
3140
444033
5359371
4121
5583
4939
24798721
46936555
17753978
445383
10274777
5288600
5289110
5288215
60164
40839
446980
24812717
439285
5865
444732
1060
3759
5161
60795
448173
5212
46936496
5288116
15942672
25011729
5459374
448748
5289508
3202
46936699
25058133
802
2396
2720
46937030
25190761
445950
5288867
5289162
4369434
5560
25210
643975
2812
441074
1050
16040261
5326925
656969
4635864
5365247
5936
4054
151170
46936934
36314
46936529
2725
16040289
10364826
4932
4316
5288222
39147
132213
5280581
16750123
4845
6227
2969
5360515
73271
46936280
445015
46936514
78607
4909
447329
10204
2144
3331
4926
46936556
6420178
1615
11522441
6041
6914573
3092847
4946
15942662
8223
46936679
5288688
3042
5289109
46936333
444655
46936582
656917
46937020
6915944
448123
5875
1550916
2216
10457944
164739
34756
449096
9547943
5289514
46870043
36523
2474
216239
46936923
24963046
9869365
40467016
145742
7504
4369446
5287846
8944
68617
4369579
6323481
2901
11840979
23653531
5288709
708346
3955
46936832
41781
3763
11840920
53359
586
24871491
12460
6852193
5362422
5227
11963551
447961
30751
9543420
697959
5326566
5280954
3019
10033310
11357504
72287
9565
62296
8515
2118
5288145
4211
1130
46936377
25113615
5287541
10389239
46936656
46937161
24768560
5287702
657004
4099
15897928
9994066
5287523
644213
5991
233240
104625
443884
447336
11840929
5172
60654
46937112
11987846
1530
216454
42608445
1723
6852220
46936220
444698
6914629
46936258
33572
5289295
46936368
10114365
24485
3696
447766
6335984
447955
2966
23586040
24963035
5359
23644529
46936500
31304
24832041
24798741
25920890
16046126
46936522
444753
445302
5289418
25419
8060
171548
55245
10308106
5281078
11660035
5329102
5289112
7060565
5753
9875401
9549303
16750106
37393
50192
4493
447805
656912
44263483
1993
1893
16078
46936965
4674
439162
4286
46936854
9824580
13134933
1372
24893974
181976
17754180
11840913
448940
5468
5288139
445109
4914
3034794
6420192
42615253
71398
5478838
6093202
5748447
9999276
5327091
25113127
449005
60846
5533
89105
46936232
28417
24239
10224714
3598
6436173
446611
4369379
24801863
444567
440053
444020
439553
3035817
9884318
3958
5070
447359
1195
24894167
3005573
17759780
11304895
5359476
456468
3337
5870
449021
104758
10249180
181426
447360
447076
46937078
44563262
44462678
5326884
1587957
5280723
6857702
1504717
21066379
441184
24417
119031
5362391
67532
24812718
46936424
46936563
9822610
11633167
2337
9549257
3000715
10411846
10450114
5289501
46936644
46936229
16122567
4829
7339
46936881
22489160
4688
264
2230
16739331
5556
40973
5288826
4740
2905
5162682
6380
5326682
131624
1511
447458
448513
2249
16115004
46937044
159772
447815
5327092
447021
46937107
2431
5743
11987556
162636
4971
39765
15991588
1174
5287890
5327014
9929643
9051
8271
46936475
215436
23644582
46936443
17753799
10286462
5287979
4737
449126
657073
9845059
6918558
46937152
6995274
6540478
46937093
6446
34312
656966
9925908
7741
94599
46936526
82146
444795
9957008
5702063
11494891
9978312
57469
6005
5591
46936954
5288190
42628075
2742752
10150081
3678
24894155
3341
4369103
369976
4848
15991547
443958
448991
6102824
62156
2342
46936196
6860
2733514
24752838
11960529
446277
45273683
46936733
4078
5497056
24883486
444965
6916249
223368
247839
44176380
5288799
3827
9543424
4369359
5414
5496862
16070039
4614
193653
448605
23647311
2398
4409
6540268
1543
17748441
71371
9034
1836
46936610
9547884
5462340
44120114
5681
5327153
5288561
72081
14357
447546
23729147
21078798
446094
6852165
4044
5920
65249
24880024
4149241
163626
24755476
5994
11776755
9912519
93114
453557
5440
151243
6540623
8408
25210493
12057
6102686
4095
6102526
46936928
46937157
46936929
3342
5281672
17754220
445576
189150
54385
46936454
24779724
55891
5095
2578
9854073
449125
446994
985
3038525
17754396
4781
11492186
3151
444406
5280343
46936798
1003
5459373
71329
1054
445770
46936821
46937031
1800
46936732
42647299
8150
448953
188350
235905
71384
11987874
4380
24754814
25011730
4469371
3052
4908
447701
5289333
656936
5327013
13109
1433
447478
4369560
6852141
5355
181137
74989
5289529
46936762
450268
24768547
444764
11500493
448889
2817424
15859389
936
4510
24851688
3710
446237
4474224
5839
564
4488
17753786
2789
46936206
11840917
46936683
5289111
15295578
150311
4642
3003157
91443
46936559
2823014
5090
23629654
4976
338
5288251
46937088
3105
5287492
46936724
4748
63306
445952
1775
128419
46936598
24883488
448573
24808495
24180722
6914624
4091
60750
6604229
4634
46936444
5288988
11493841
4497
3657
6540261
92105
448650
46936685
6335949
9867609
3037032
46936509
10072851
46936338
25023709
46937165
24864079
2159
3059
11572962
5326967
46936939
3394
9046
10176161
5478860
5326688
4062
1649
9896504
445455
4469805
52421
16750059
705712
447945
447195
46936640
444108
44
5494413
148211
6603746
447339
5313335
97032
11213558
11602832
394347
42628063
12598931
4631
9547939
46936657
5288067
446156
129211
16741228
9863447
445840
5330608
5757
17754203
657077
10918
2717
46936518
5280883
15648788
3715
199994
11957393
61635
24836812
449087
104406
24768528
3082654
5330812
9954980
447271
441278
2756
41693
448006
6729
37464
46936428
448658
5288108
1986
4037
46937061
24901723
4754
44129624
46936667
6128
702
448979
11338033
25147494
10631
9750
5287684
6852128
65077
347590
5546
4369172
5312542
5353370
46937075
62867
657038
9549225
5326924
449392
11243969
11427975
23658582
657141
4472
46936779
444763
5326879
5745915
8078
5281081
656968
11229234
46936842
24941243
5287408
15991573
46937104
980
4762
261000
5957
2083
10224181
680935
6914633
9547901
22298966
447219
11634458
3260017
447734
46936350
65258
65533
25200860
15942658
6323490
6857686
1978
6324623
688561
9926791
17753955
4369485
5288878
445647
46936860
10134160
65124
62959
8378
24856362
46936566
3168
2403
31275
68844
185914
5353306
448763
24963036
4178
34633
60648
46936420
5362129
5951
5791881
46936715
221493
46936660
3033621
446286
10364585
1949
24748051
6852167
24764430
2247
657085
9270
2913
448943
5287648
11840930
11149707
24894153
170018
22850133
17753798
5284603
2895
11616886
449014
46936201
499953
9927355
46936839
3387240
650361
448965
68723
16122582
4917
46936771
6436219
5862
22820300
31401
8761
6287
5359421
1021
4212
46936208
44129603
1989
62751
448436
4170
6119
9549259
2160
447048
3762
447912
132302
5702548
5326960
38853
6852209
5253
5284371
7029
46936328
60726
3229
46936316
5289192
4913
54575
1069140
23653507
60169
129236
4485
5289296
1110
444617
17749735
4369524
46936369
6323244
4174
14611919
5601
6082
17754080
5282375
6386
49
6228
448269
445732
5287855
25113616
2733526
6262
4100
5287779
65028
439691
11304412
46937162
5288257
448014
46937156
5462328
446876
46936268
5289159
124886
46936728
448751
449003
46937053
31721
151171
152951
439750
171833
5566
4168
9577091
46936405
22690393
185915
2811
16758228
11712628
5326886
9820034
16129574
5978
67361
24894130
46937018
46936802
5282226
3964
46936439
46936583
1549008
1894
448903
5287955
446541
6398520
44144383
12773795
2995
107971
5288581
1712
24963047
1628
3671
6420149
237
2435
6473
4837
5289085
3047758
448841
46937021
23653502
2519
567
3749
448524
46936281
9886249
449159
4756
9804302
286
46936435
5280953
2405
25945
4722579
6540299
6857699
5289348
9547900
1779
2581
446414
46936661
449633
4760
346926
10200651
5472
5289179
444031
46936360
11840968
2187
5426
12148754
1103
656952
149096
5775
2244
1700
5288814
447145
444612
46936983
62436
46936534
6476
5287438
3261
4327
2131
444570
9294
446506
46936882
3086654
156419
5111
31378
11368987
5289310
447960
2120
60490
9952008
46936376
7099
4167
4636
46936296
24244
1507
1604
24978486
7057884
9547919
2726
46936494
25113172
3492020
8612
4592
4369413
446124
10133
6336819
178051
25263414
151166
30323
5391
46937105
510684
11740154
1746
46936757
24812719
4300
3356
449015
11171679
441233
5359268
4004
4890
3410
446274
5494386
447029
5403
115348
46937092
180559
44093
46937007
6018
123619
4055
45268539
46937091
5288064
46936357
445460
4201
24941258
46936645
46937108
5287453
3295
794323
26721
46936284
46937102
3821
2803
3311411
5819
46937045
23667301
5287799
5288710
5353303
4369285
24466
123606
5326883
5359271
91270
3758
4369435
445459
23647659
447234
449035
11554165
736407
3371
46937062
42615254
1757
446758
10342059
1535935
5388909
60663
1014
447638
445319
46937029
69602
447834
132706
2315
2484
154575
449487
5486971
3973
33032
3032285
5288588
4290
24778473
5754
6083
447656
24083
5289428
10286159
46937073
104850
10765798
11149479
2197
3543
23586146
1175
5429
46936999
25134248
11740318
4011
16040279
5288557
9601217
11668
1176
2384
657081
3662
1005
447742
10317619
5326739
1337
446165
11245700
446605
9864
6918710
6119062
6215
6324670
5509
24866443
444581
4369497
46936761
447508
60838
11069133
13023332
24941253
17753757
9543437
20279
6420121
65513
10135836
5287652
4369452
4437
5311
3802528
17753777
9888340
2082
9860102
5487301
5356
10518
4449
2471
60854
446998
6323452
1045
5289417
6852140
5881
3001055
5002
441207
5746425
205131
65833
6057
4680
32778
24995524
9578243
447649
445951
46937077
25322935
6102596
3396560
3016416
46936262
46936340
3699841
5735
46937004
3055
46936658
46936408
6857719
46936670
16129704
46936815
72886
44129621
24808499
4369498
10917
4073054
78057
24180585
3711
87517
441289
4633
25021186
175496
56339
8617
11675645
3675
10343728
6307
46936602
5833
60947
16750071
2381
2375
2771
447700
4369084
11597698
46936692
6914625
82153
3581192
443940
5289389
24752844
46936781
5494440
37720
6327654
25271580
46936638
3991
445481
25011731
22049997
2776424
46937083
3083544
11560224
13752005
16129579
219090
5139
2164
12374
46936631
16757525
6464
40400
440776
16058630
13126
11586735
84815
46937065
11197931
71158
3393
4528
77991
90334
5288998
2585
3826
6101904
445841
5327154
4440
445018
9547940
6096886
56069
668
750
25077649
216235
445354
36690637
3463
4601
46936822
439260
22297
11963546
6102685
6914609
5287467
8969
46937158
446284
50599
46936459
46936187
46936891
5702160
6047
5962
5326843
9824562
3034285
1549107
46937096
5210
657007
2094
23661697
6540267
68841
1714
5288708
5289613
656652
6102822
448537
4020
8631
46936643
60835
44141871
1051
23645698
6409
3033
448249
46936625
4236
446154
233979
2732
68238
54892
24916788
23645578
5289258
656719
447735
3182
46936841
942
5326866
15433
908828
5494422
2369
44129629
6327350
42113
46937048
449162
190
5906
5326827
46936235
11669698
1808
71301
17754054
23659732
2802
24180719
16122596
44129630
5353307
46936271
6230
8249
24864077
4583
148124
5326885
77918
96876
119182
5745914
24875302
4369432
25210476
24963037
65981
446833
13611
3342298
24752833
445646
321
31477
46936366
444475
10221335
87901
46937013
15602701
657298
11974440
10174090
5487313
4205
46936388
26175
4064
9878
11175137
4162
446242
2481
445756
11206370
24892823
3922
30819
4470568
33887
3702
15107208
4999
11395145
6914595
23727981
11840933
210332
9859248
2372
60789
46936365
15942655
5656
6540255
4746
195347
5327066
5326927
9642
2809
657061
75846
11840904
165339
25134252
46937117
6852154
448238
3478
5289247
5280793
5732
4032
10450624
6288
46936193
126569
151075
6992039
2968
2092
448890
46936994
11495704
25113617
447229
5452
3899
448668
3961
446676
443980
4470378
44144378
448503
25147495
5288016
10976469
941361
24941254
5749
766948
50294
4616
6914627
2294
2605
46936585
74190
2730282
77022
6623
9821178
446313
46936677
2520
445966
448610
61996
59768
447315
5287703
9797919
25181321
3038
448258
3290
1829
449190
3698
5803
46936422
446871
5281040
11710963
2196
4197
11674979
2662
46936246
657098
4369171
8189
448915
152946
46936942
3034010
606974
157839
3869
24836813
39507
5755
4747355
447950
5505
449088
